-63
-63
-63
-63
-63
-63
-63
-63
-63
-63
-63
-63
-63
-63
-63
-63
-63
-63
-64
-64
-64
-64
-64
-64
-64
-64
-64
-64
-64
-64
-64
-63
-63
-63
-63
-63
-63
-63
-63
-63
-63
-64
-64
-64
-64
-64
-64
-64
-63
-63
-63
-63
-63
-63
-63
-63
-63
-63
-64
-64
-64
-64
-64
-64
-64
-64
-64
-64
-64
-64
-64
-64
-64
-64
-64
-64
-64
-64
-64
-64
-64
-64
-64
-64
-64
-61
-61
-61
-61
-61
-61
-61
-62
-62
-62
-62
-62
-62
-62
-60
-60
-60
-60
-60
-60
-60
-62
-62
-62
-62
-62
-62
-62
-65
-65
-65
-65
-65
-65
-66
-66
-66
-66
-66
-66
-69
-69
-69
-69
-69
-69
-70
-70
-70
-70
-70
-70
-70
-70
-70
-70
-70
-70
-70
-70
-70
-70
-70
-70
-66
-66
-66
-66
-66
-66
-66
-66
-65
-65
-65
-65
-61
-61
-61
-61
-61
-61
-61
-61
-61
-61
-61
-61
-61
-61
-59
-59
-59
-59
-59
-59
-59
-59
-59
-59
-60
-60
-60
-60
-60
-60
-60
-59
-59
-59
-59
-59
-59
-59
-59
-59
-59
-59
-59
-59
-61
-61
-61
-61
-61
-62
-62
-62
-62
-62
-62
-62
-63
-63
-63
-63
-63
-63
-65
-65
-65
-65
-65
-65
-65
-67
