-39
-39
-39
-39
-39
-39
-39
-39
-39
-39
-39
-39
-39
-39
-39
-39
-39
-39
-39
-39
-39
-39
-39
-39
-39
-39
-39
-39
-39
-39
-39
-39
-39
-39
-39
-39
-39
-39
-39
-39
-39
-39
-39
-39
-39
-39
-39
-39
-39
-39
-39
-39
-39
-39
-39
-39
-39
-39
-39
-39
-39
-39
-39
-39
-39
-39
-39
-39
-39
-39
-39
-39
-39
-39
-39
-39
-39
-39
-39
-39
-39
-39
-39
-39
-39
-39
-39
-39
-39
-39
-39
-39
-39
-39
-39
-39
-39
-39
-39
-39
-39
-39
-39
-39
-39
-39
-39
-39
-39
-39
-39
-39
-39
-39
-39
-39
-39
-39
-39
-39
-39
-39
-39
-39
-39
-39
-39
-39
-39
-39
-39
-39
-39
-39
-39
-39
-39
-39
-39
-39
-39
-39
-39
-51
-51
-51
-51
-51
-51
-51
-51
-43
-43
-43
-43
-43
-43
-43
-43
-43
-43
-37
-37
-37
-37
-37
-37
-37
-37
-37
-37
-37
-37
-37
-37
-37
-31
-31
-31
-31
-31
-31
-31
-31
-31
-31
-37
-37
-37
-37
-37
-37
-37
-37
-37
-37
-37
-37
-37
-43
-43
-43
-43
-43
-43
-43
-43
-43
-43
-43
-43
-43
-43
-43
-43
-43
-43
-43
-43
-43
-43
-43
-43
-43
-43
-43
-43
-43
-43
-43
-43
