25
25
25
25
25
25
24
24
24
24
24
24
25
25
25
25
25
25
25
25
25
25
23
25
25
29
29
29
29
29
29
24
27
27
27
24
24
24
24
24
24
24
24
24
24
24
25
25
26
26
24
24
28
28
28
28
28
28
28
28
28
28
28
25
25
25
25
29
29
29
29
25
25
25
25
25
25
25
25
25
25
25
25
25
25
30
30
27
27
27
27
27
27
27
27
27
27
27
27
27
23
23
23
23
23
23
23
23
23
23
23
23
23
23
23
23
23
23
23
23
23
23
23
23
23
23
23
23
23
23
23
23
23
23
23
23
23
23
23
23
23
23
23
18
18
18
18
18
18
18
18
16
16
16
16
16
16
16
16
16
16
16
16
19
19
19
19
19
19
19
19
19
19
19
19
19
27
27
29
29
29
29
29
29
29
29
35
35
35
35
35
35
35
35
35
35
35
35
35
32
32
32
32
32
32
32
32
32
32
32
32
32
32
32
32
32
32
32
32
32
32
32
32
32
31
31
31
31
31
31
31
